0
257
0
44
0
0
0
0
32
103607
0
0
63
579
13
6
15
0
0
4
0
0
14
2
0
31
3161
0
0
73
96
3
1980080
78
106
0
0
0
63756
0
11
0
32
0
0
11
0
1
78
0
3
1
25
0
99
0
0
83
10
44
4
0
25
1
48
66
22
212
1436
0
134
1799
0
1573
0
12
17
1482
781
2
3
11126030
45
9
0
0
58
46
0
0
9
0
42
0
6
4
1
0
0
0
0
25
153
11
0
11
0
0
0
0
0
0
0
7
5
6
3
1590
0
328
116
57
0
1368708
2
0
0
4
0
0
0
0
0
0
0
0
0
8
99
0
218
0
433
27
0
23
531
0
312
800
1
6
263
48
6
0
6
36
608
195
0
0
2066
0
3
3
6
0
107
2
6
0
0
0
0
0
1
0
0
0
52
126
0
0
23
0
5
89
0
0
1362
6
52
0
0
0
0
689
1
37
227
74
0
20
0
10
3
0
332
0
0
0
9
0
0
1
247
1
0
0
23
0
0
9
190
0
0
0
0
0
0
0
151218
0
0
6
2
115
0
318
0
0
0
0
5
1
0
0
0
0
0
70
0
0
33508
1121
0
0
0
13
104431
8
123
0
1184
0
0
0
12
241
15
2
0
7
0
0
0
332
0
126
0
643
0
0
4
0
0
0
0
0
54
1
0
0
17
0
0
8
0
18460
0
5
0
2
85
17
8
0
0
0
0
0
35
0
14
31
3
36
0
0
5
6
0
0
0
121
0
0
6
42
48
0
24
29
5
0
0
102
1
0
53
52
95
0
531
0
21
0
0
26
785
146
57
0
0
21
7
15
14
5082
527
0
49
0
0
0
11
12
1
37
813
0
1
46
12
1
0
0
3
0
0
8
1
4
0
0
0
72
116
9
0
0
0
16
0
2
2
0
5
88
13
0
8
0
0
53
33
1
10
0
20
69880
128
0
148
0
0
0
89
0
194
1
3
17
0
2
0
4533
0
159
0
0
246
200
0
11
0
52
2
0
89
0
1
23
0
373
0
44
0
3
0
153
55
0
3
0
67
0
0
1
5
828
29
4
6
222
20
4
31870
26
0
15
66
0
0
18
0
0
0
1
0
24
14
906
11
0
0
0
2
1861
0
0
424
26
1
4
0
0
135
0
117
0
112
0
24
13
10
0
10
12
588
6
5
0
67644
695
0
2022
213
101
20
1
26
0
3
45
0
2
10
0
16
7
69
0
0
106
0
0
4
3
0
0
0
0
494
0
0
0
0
0
0
1
15
0
31
96
7
0
0
263
244762
4
0
0
35
0
0
0
289
0
2
27
0
120
145
0
0
11
337310
18
144
4
0
355
0
2
14
8
98
0
0
0
0
35
260
0
7
948
0
0
45
0
455
0
0
417
51
85
0
80
3
0
0
0
0
1
0
452019
9
1
0
0
1386
6
0
0
0
3
150
0
0
0
1
0
0
0
62
264
44
0
1
17
0
0
3947
5
50
2875
14
0
0
7
3
8
4
0
17926
0
2
61
0
6
12
0
0
1
0
0
0
0
0
0
1
38
7
4
110
159
21
0
0
102
0
1494
0
0
0
0
60
1970
0
0
0
0
1
3
0
7
0
110
1
346
84
13
3
0
209
5
0
0
55
0
12
11
0
22
0
23
55
7
0
0
0
41
0
5183
0
2
11
0
0
5
16
216
3
124
0
8
1
18
0
0
10
52
0
0
94
1
10
7
4
0
0
310
0
20684
0
14
58
8
0
771
0
3
0
42
0
3
10
1
0
9
0
17
0
0
23
16
68
0
0
5
66
100
1
37
8
0
67
0
0
0
107
12
61
14
119
0
0
0
0
0
0
0
747
3
259
8
0
0
1
0
5
13
83
30
189
0
13
0
3
0
0
0
23
114
0
0
25
13
1
6
7
178
0
1
0
0
15
0
597
0
1
0
2
0
64
4
0
0
0
0
0
0
62
0
54
4
41
194
0
83
100
19
6
7
76
0
0
0
0
12
0
0
82
0
0
92
32
96
0
1
0
0
2
5
12
0
0
0
0
18
0
56
23
18516
480
127
0
0
0
182
0
508013
3
1
0
1
0
0
0
241
4
970
20
0
119
869
0
0
533
65
5
0
0
0
0
22
0
4
1
0
26
4
8
11
1
0
35
0
64
8
3
0
0
2
21
13
1
1
0
23
3
0
5
0
83
2
0
0
46
5911
0
0
0
388
1469
214
0
1
0
10
4
1
7
54
25
0
0
101
3
0
0
16
0
1
36
0
715
15
3
0
26
0
94
27
0
3617
51
0
0
0
79
20
0
207
1
0
36
142780
6
7
8
1
0
4
0
185
0
0
1
2
16
0
7
5
52
7
0
3862
0
0
1
1
0
3
6
11
0
124
0
0
0
222
11
0
0
297
0
0
121
99
0
0
515
0
0
364
1
75
0
11
167
1
31
0
0
0
0
16
13
7417
0
176
0
16
3
167
0
3
105
0
16
0
3
1
93
0
438
294
0
0
0
51
0
0
1186
24
7
0
0
3
3
2
0
21
24489
53
0
115
0
7
1245120
0
3
1
0
0
0
6
0
9
88
0
0
179
894
38
0
863
8509
0
0
49
5844
146
0
0
3
0
94
26
0
36
0
2
0
30
0
48
0
2
0
0
15
2
7
0
0
1
0
353
4
75
3
0
2
0
18
0
27
0
2
19
0
61
8
2
18
11
0
174
0
0
0
4
0
0
0
0
99
16
7
859
0
0
391
0
2
30
0
0
29209
2
0
20
255
0
0
0
0
1
0
14
5
8
67
47
1025121
6
1
107
8
2
0
3
0
83
13
1447
0
45720
129
39
425
0
12
0
2
0
0
21
32
27
0
0
0
0
0
0
45
5
0
8
96
81
0
2
1
0
0
6
0
0
0
9
0
2
0
33
204
0
0
523
31
21
678
176
139
6
0
2
0
0
0
0
2
179
100
165
5
181
754
0
840
7
0
253
2
14
19
1
0
0
12
2
5
124
122
6
0
48
4
8
69
1
897
0
0
4
311
1
0
35
0
5
0
0
0
201
74
2
0
38
6
0
13
125
2
0
0
0
114
137
0
39
0
5
2
31
0
14
88
0
4
0
0
0
7
0
0
0
0
1
0
199
1
1
159
99
0
4
79
75
0
27
0
9
0
22
0
8
25
4
5
0
0
0
0
35
0
3
0
0
28
0
69
93
32
0
0
7
117
39
52
19
0
0
10
0
10
22004
0
271
118
0
594
55
111
0
2
47
4
0
45
0
0
1
10
24
12
0
0
107
392
10
262
266
0
77
0
0
0
0
8
49
0
33
0
7
0
0
10
0
11
20
11
4
5
11
0
18
56
7
0
0
0
0
0
0
89
0
2
0
25
0
504
6
0
0
0
0
138
0
0
24
5
1
0
1
242
8
0
16
0
0
0
0
24
0
8
70
65
0
0
86
1
0
0
6
117
0
7
0
0
0
41
1
31
38
0
3
4
0
62
18
0
0
0
0
1
36
0
28
4
122
0
188
24
0
0
7
0
338
0
9
65
0
133
0
50
0
1
67
1
0
14
8452
2
41
130
114
0
10
434
5
0
43
2
0
56
2
0
7
0
2
0
11
21
12
0
2
0
2
0
8
187
10
0
45
0
0
5
0
1
435
51
0
10
40
19
0
1
14
0
1
203
219
0
25
0
57
79
0
67
172
1297
2
0
173
0
3826
21
0
0
1
12
55
3
1
135
0
0
3
0
64
25
4
23
145
0
155
0
0
21
97
371
0
133
0
17
32
0
4
0
0
81
0
0
275
0
0
74
0
5
3
22
0
27
272
2
14
136
3
71
3
7
0
677
0
0
3
0
87
3
0
0
39
11
0
101
0
0
0
0
0
53
2
0
24
58
0
108
86
0
0
102
0
13
0
0
0
1
62
0
0
0
572
36
151
1861
0
35
0
17
208
1
59
1
0
0
0
8
809
0
230
475
93
126
0
51
1
1
0
97
1856
0
0
13
0
0
0
0
0
0
5
0
10
0
0
0
3
0
7
0
0
0
0
19
11
0
0
120742
0
1
54
1
73
8
0
293
0
2
0
0
0
13173
36765
45
1
59
0
0
0
70
1
0
0
5128
323
0
0
24
0
0
0
1
2
0
286
0
723
148842
0
0
82
10
73
76
19
6
23
28
0
0
0
9
124
13
2
0
0
6
0
29
3
0
11
867
62
0
0
0
0
0
1
0
0
1
0
15
39
63
5
3
34
670
0
277
0
39
0
111
12
879
0
0
6
16
0
0
0
126
0
0
0
34
0
0
18
0
15
0
0
16
17
61
39
58
23
292
0
23
5877
2
154
1
0
0
0
0
0
0
3
0
75
15
7
0
12
33
0
5
4
0
0
12
188
29
1429
141
0
18
61
0
0
0
0
0
0
283
5
58
0
48
97
72
0
1
0
0
3
150
2
0
713
0
0
10
2
1
3
0
495
0
61
100
2
33
55
2
0
0
64
7
22
5
1904
12
15
7
130
2239
3
0
4614
1
150
19
51
0
0
104
0
0
0
0
10
74
0
0
2
25
65
39
15
4
0
2
4
0
0
358
47
0
14
2
0
0
15
404
22
124
4207
12
0
0
1
0
30
1044
2
7
0
2
7
20
16
0
198
50
0
54
46
1
11
0
0
107
0
9
39
5
0
0
0
26
0
23
0
160
0
0
2
0
0
4
0
0
81
39
0
60
3
3
14
0
16
0
1
0
82
0
0
0
26
9
0
226
3
27
0
0
56
0
0
101
11
0
46
0
244473
68
0
11
127
0
0
11
1
11
3
3
516
190
285
0
138
10
0
2
0
0
27
22
36
0
0
0
0
82
40
159
0
1
0
115
196
1
292
9
324134
1
0
0
0
0
8
0
0
34
0
35
154
53
381
325
0
77
103
21
0
0
31
0
366
0
0
0
0
0
0
84
0
0
0
0
0
1
0
3
76
37
4
3
220
0
123
0
255
1
24
0
0
0
160
12
6
0
0
0
0
0
0
65
10
0
0
48
0
0
17
0
11
0
64
0
107
6
0
0
0
0
0
38
4
0
3
0
0
0
0
0
1
7
135
0
368
7
1
0
0
270
5
6
0
192
17
0
3
13
0
162
0
143
28
48
0
0
4
1
11
159
1
48
3
0
9
36
2
0
0
0
0
122
3
120
0
0
0
113
0
0
43
12
0
0
15
65
0
0
0
1
280
0
0
11
22
1
0
0
1827
9
0
43
888
11
3
0
16
0
0
0
24
0
262
149
21
50
25
0
0
0
0
115
0
0
106
0
0
0
473
142
0
0
0
10
41
0
81
0
3
0
14
0
19
234
27
0
0
0
34
349
303
0
0
2
0
397
10
0
16
0
177
0
0
33
0
0
0
0
3
0
0
120
2
0
122
0
1
15
0
1
0
96
0
0
0
0
44
0
97
0
6
48
0
451
0
0
14
0
0
298
17
6
0
127
0
64
0
32
0
0
1
106
0
4
0
33
0
0
75
0
0
252
0
0
0
196
1064
4
324
0
2
1
0
1
31
0
4
0
0
6
0
0
5
0
12
0
0
8
17
0
103
0
193
3
545
48
8
13
106
0
0
3
0
0
0
37
1
8
0
24
0
132
0
26
2
172
3
654
4
97
0
3
0
0
31
8
113
77
6
38
0
0
139
4
3
12
0
2
0
1
0
0
7
0
7538
0
1191
15
7
96
0
0
2
1
2
0
1
0
23
1
0
0
2
0
0
4
0
45
0
0
0
0
3
7
34
14
80
0
0
0
47
8
8
0
10
0
1
0
213
0
0
0
0
0
3
4
0
0
0
0
0
1
55
220
223
0
1324
0
0
2
22
5
0
3
0
5
46
386
950
0
0
19
504
0
578
18
17
11
38
0
2
0
7
9
7
0
0
0
9
0
0
0
0
13
0
10
7
55
0
24
1
28
15
0
0
55
2
1
0
0
0
782
122
8
88
0
1
65
0
1
0
1
27
0
0
33
0
1190
4
0
0
0
29
21
6
2
0
1
318
0
0
19
227
0
25
0
1785
0
0
0
0
0
144
0
0
4
6
35
28
0
0
26
2
0
0
0
1
2
43
0
85
368
34
0
48
0
15
1237
136
36
0
34
0
119
0
292
0
11
10
0
116
19
1
3
0
2
3
553
4
0
69
73
0
63
148
0
85
370
23
0
0
83
2
24
0
0
0
51
0
0
277
0
12
0
201
0
121
820
0
0
0
71
0
11
10
28
4
0
82
1
93
0
2
3
142
0
25
5
0
0
0
19
1184
2
23
0
35
0
0
0
43
113
0
0
0
40
0
0
0
46
0
4279
0
0
0
53
38
5
0
0
4
0
0
217
0
3
2
0
30
53
2
2
3
1
0
114
0
3
267
38
0
5
8
115
4
0
222
156
171
0
0
2
0
31
97
3
3
5
0
5
0
0
156
2
1
0
0
58
1
23
0
148
0
0
0
176
318
81
3
0
0
1
0
0
0
213
23
9
8
17
33
366
27
0
0
102
47
55
0
0
34
37
4
35
0
0
2
1
0
0
5
106
0
0
0
92
1
21
59
1041
16
10
4
0
201
47
434
44
8
18
42
1546
1033
0
1
9
328
9
299
0
0
43099
3
0
8
0
32
0
15
4
16
206
6
0
1
0
14448
1
30
1
160
10
56
72
27
2
0
0
0
119
0
0
4
6
5
146
12
0
107
65
6
1
4
135
5
44
103
0
0
0
27
0
35
21
2
0
0
0
132
34
7
0
0
0
20
63
0
132
3
0
9
177
0
0
2
1
349
0
0
0
0
0
0
0
0
7
490
52
14
4
0
46
3
0
409
5
7
61
11
220298
0
0
13
96
66
35
0
3
1
234
278583
35
0
3
0
0
1
0
6
80
0
0
1
42
4292
6
5
64
14
2
0
18
0
201
0
2
0
4
3
267
0
893
0
0
18
16
0
38
0
124
101
0
0
0
24
0
0
26
7
3047
7
8
276
252
5490
12
0
17
46
1020
26
18
0
374
0
0
155
0
0
139
6
0
0
0
0
0
0
5
0
0
9
2
0
2
0
0
0
20
4
2
0
0
0
10
0
136
79
0
0
0
9
14
0
83
0
311
0
5
56
0
6
0
2
11
58
0
5
0
0
7
0
113
0
0
128
0
286
0
611
0
1
0
97
0
36
0
0
2
4
0
36
99
0
0
0
7
126
1
10
18
6
0
29
0
10
109
84
0
8
1
9
161
434
0
0
0
0
60
0
0
15
319
0
308
0
46
5
0
37
49
24
0
23
192
0
1718
0
2
0
21828
1
0
185
0
0
29
8
9
1
3
5
0
1
0
33
0
0
0
12
0
200
4
4
109
3
3
19
54
0
62
64
0
0
0
37
0
6
0
35
0
47
4
23
257
3
7
0
0
53
0
5
0
0
0
0
173
0
0
0
12
2
0
1783
5
0
56
0
6
95
272
40
2
287
1
4
0
83
2
0
0
1
1
0
0
18
0
0
65
0
0
232
3
0
1
0
0
0
0
0
3
0
5
1
2
0
0
0
0
1
0
0
464
3
21
2
13
16
77
227
15
2
27
0
6
13
161
7527
0
0
0
294
0
0
14
46
1
64
0
198
17
6
1
1
13
143
9
0
0
42
26
37
44
340
0
53
0
0
0
0
0
89
9
0
0
0
53
0
63
7
29
1
43
3
720
2
0
31
0
46
3
12
8
1
0
0
27
12
73
0
7
30
0
100
0
32
64
54
1
0
0
13
2
0
3
1
0
58
0
31
121
53
291
1
392
0
0
9
0
360
2
7
0
54070
1
0
0
5
101
159
137
5
24
35
13
1
349
0
104
1016935
1
0
0
0
246
0
0
48
0
243
0
14
0
2
34
0
28
2
0
0
0
346
0
0
0
0
0
0
84
0
42
1339
0
58
0
4
24
921
0
0
99043
0
34
0
0
100
0
202
0
0
78
0
27
5
135
4
0
0
64
0
13
113
182
363
0
4
0
0
0
0
0
102
28
8
1875
1
63
94
0
5
0
0
0
1
0
56
23
0
2763794
4250
21
13
0
0
0
0
114
62
2556
6
0
1
0
401
0
0
0
0
178
868
579
0
1
52
2
0
0
0
0
4
8
0
0
1746
451
0
0
0
0
4
2
0
26
0
0
29
0
18
33
6
4
2
0
0
2
0
0
41
253
0
0
55
3
0
0
0
1
0
0
1
0
0
0
11
58
0
0
414
102
0
0
55
0
27
1
4
17
0
0
0
15
1
50
821
0
0
2
0
24
6
0
0
0
5
0
29
0
332
51
0
505
0
0
155
73
9
0
0
3725
0
2
0
0
1
0
65
0
0
0
593
0
0
3
0
0
0
2028
439
5
243
1
120
4
271
0
0
6
0
2
0
0
324
7
0
0
0
162
0
0
0
0
0
23
16
25
0
0
55
60
1
0
6
25
45
0
218
12
0
0
138
0
0
1
0
0
0
7
0
2
6
177
42
13
13
56
0
82
80
0
188
0
0
0
0
4
0
0
0
0
0
28
0
0
11
40
0
3
0
0
0
38
35
142
191
2
0
0
82
0
0
0
20
0
58
0
36
3
0
45
21
0
68
37
2
0
78
13
57
275
123
41
1
0
0
0
21
20
0
0
0
0
63
0
9
6
0
39
0
83
27
0
7
0
33
1
2676
3
65
41
0
1
5
9
0
0
0
108
0
0
44
0
0
322
0
8
4
0
130
0
0
113
0
42
50
0
0
2
36
0
1196908
0
0
25417
0
240
96
11185
0
8
1
0
102
0
197
173
131
50
47
40
75
0
0
0
6
53
1
0
5
0
21
61
0
96
8
10
1
0
0
2
0
5
40
1
0
0
1
96
0
2
0
176
8
44
15
0
159
65
24
11
0
0
3
0
26
159
3
130
1
14
1
104
0
27
5
15
8
2
53
0
38
500
0
1
0
0
150
107
0
25
1412
764
9
0
5
0
0
0
0
10
6
2
29
5
7
2
101
4
33
108
2
15
0
39
1
0
316
0
5
0
120
0
3
1
1
0
0
570
0
0
0
0
30
0
0
0
16
9
0
163
5489
0
4
2
146
0
0
9
3
9
178
0
0
10
5
10
0
0
0
0
1
179
0
0
0
85
0
0
0
0
0
4
0
0
0
28
0
1
19
993
146
0
6
0
2
629
96
1146052
23
52
0
122
37
0
343
31
19
46
0
0
0
940
108
0
9
0
1
327
0
44
32
23
0
0
23
0
4
65
25
0
275
63
0
129
209
152
3
124
148
73
0
0
1
0
8
0
17
366
12953
0
0
0
0
5
8
78
11
74
0
8
44
7
5
0
3
260
244
0
17
3
0
0
918
0
1
475
0
0
0
45
0
59
139
0
0
0
0
0
9
40
0
0
136
2
1
0
0
14
0
0
10
26
22
427
29
215
0
2
1
0
26
314
0
0
6
24
0
0
2
1
215
0
0
165
0
0
0
150
1
3
0
0
0
0
158
259
15
0
11
7
0
193
23
1
1
0
0
44006
0
0
23
9
0
19
28
0
0
2
36
0
23052
0
0
462
0
26
6
0
0
30
0
48
0
0
0
0
0
102
0
0
152
1
10
4
0
0
229035
484
287
0
100
0
74
443
4
0
0
3
9
0
0
0
0
34
11
7325
6
4
156
85
0
10
2
1
268
13
29
0
146
359
3
751
0
350
187
57
0
0
0
1010
121
0
0
2
0
0
173
90
0
77
0
2
3
1356
0
0
0
6
0
24
290
33
0
0
352
56
21
4
0
18779
0
272
175209
1
349
0
0
817
31
0
1
0
36
0
72
875
1
0
0
98
3
229
0
31
2
0
17
56
1
0
0
101
93
18
86
87
15
965
4
0
8
5
0
0
1
0
26
79
0
0
0
313
12
17
2
2
1
93
0
46
0
30
43
0
732
2
0
0
16
0
10
0
3
4
0
455
0
0
0
30
0
51
8
37
1
0
0
0
31
7
53
0
245
5
2
2
0
3
14
0
121
0
2
3
0
0
106
28
0
7
0
0
0
2
0
387
25
0
0
13
2
0
0
0
0
1
2260
15
975
245
50
1
4
0
0
0
0
0
1
45
0
0
0
22
0
0
0
50
0
0
1
0
0
8
35
0
3
21
0
34
5
0
1
66
0
2
109
0
9
1
0
0
11
6
9
0
217
29
251300
0
0
0
4
376
2
0
1
95
0
288
162
15
0
0
11
0
0
51
1
0
0
4
126
54
2
39
123
8
0
0
1
0
0
31
1
0
49
3
1
0
0
1
344
93
29
16
163
575
0
2
0
30
16
37
109
9
11
0
8
0
0
0
0
0
132
0
0
0
1
51
0
3
61
59
0
0
0
24
0
1
0
0
1059
107
7
70225
119
2
0
21
6
25
0
15
58
1
1
8123
0
6
0
0
3
0
0
0
0
32
14
1
0
0
0
8
0
0
1
342
1
169
0
0
0
4
0
3
0
41
7551
0
37
211
83
222
9
0
11
105
8
0
11
0
0
408
46
1
0
252
1073383
4
0
0
32
2
14
36
73
0
44
0
6
41
5
82
0
757
0
18
0
1
0
55
0
373
0
0
0
0
4
0
637
0
2
920
0
7
43
1440619
0
1
0
0
4218
49
19
18
0
3
0
0
0
3
54
32654
32
5
2
0
0
89
0
22
0
0
0
47
0
0
0
1
58
40
0
418
23
0
3
18
86
0
0
107
0
35
0
0
113
15590
0
2
0
11
0
1
0
0
1
0
34
13
11
0
61
1
2
2028
13
0
630
124
0
0
244
0
0
47
0
2
0
0
0
0
0
62
0
24
1
139
4
62
2
34
3
184
0
101
3
12
22
25
226
271
220
555
0
0
0
8
0
13
243
0
67
276
624
0
0
1157
117
0
0
32
0
4133
0
0
1
0
0
0
74
0
5
20
0
23
1
17
0
0
0
0
1
0
0
0
14205
768
3
79
318
2
0
1
0
21
0
92
23
8
0
0
807
0
0
0
1
42
0
585
1
8
82
82
15
1
0
51
7
0
0
0
0
143
0
0
0
0
11
77
1
0
734
3846
27
1
0
433
8940
143
3
0
0
60238
10
1
68
394
64
0
0
9
72
3
0
10
0
0
44
0
7
0
3
4
38
23
3
5
249
0
62
2277
2
4
184
0
0
0
0
769
18
0
16
0
0
13
0
7
52
94
16
0
297
0
0
2
0
0
0
0
0
13
37
7
5252
1
264
25
85
47
0
0
192
0
0
13
0
3
1
1
20
5
0
2
0
125
0
1
0
0
0
0
0
0
2
0
0
164
339
0
0
0
475
1493
53
15
1
0
0
0
11
204
0
4
0
41
1
219
10
14
2
0
64
0
6
8
7
4
6
45
0
66
2
97
0
0
0
0
0
11
2
85
0
0
0
354
7
0
3
0
4
7
0
0
25
154
0
0
0
123
0
0
0
83
45
87
6
0
11
0
35
7
0
62
4
3
305
0
1
65
0
0
27
0
0
24
1
0
232
24
44
26
1
0
0
0
140
3
1
150
0
0
7
17
6
6277
49
15
17
14
5
1
0
242
0
11
0
7
164
0
43
0
0
3
142
40
15
42
96
0
0
0
0
0
0
73
5
0
240
17
0
542
122
2
3
221
5
0
0
107
0
15
1
142
33
19
305
0
10
19968
1
0
0
205
0
5
0
0
0
8610
0
0
11
0
4
0
0
0
4
0
0
2
0
0
0
183
12
3
309
0
0
273
0
0
7
0
33
21
0
17
101
30
130
0
1698
72
0
0
0
262
3
115
10
1671
0
0
0
0
13
32
20
66
0
5
0
0
0
0
0
0
0
20
0
0
124
0
0
23
0
4
0
5
226
4
5
0
0
0
59
0
0
97
87
0
0
44
3
0
36
0
42
179
19
0
708
12
244
6
9
0
6
1
2
23
0
23292
0
266
0
103
19
1
0
10
0
0
0
0
19
0
0
2938354
24
0
0
94
2
214
99
2
0
172
3
0
0
29
72
75
35
0
0
0
380
0
4
62
0
9
0
0
0
76
0
7
53
3
234
0
0
238
7
5
165
2
0
0
0
12
10
14
12
0
2
3
0
3
74
32
0
0
0
0
2
5351
38
0
1
54
430
32
20
21
387
0
0
0
32
33
1
30
0
0
56
0
0
762
0
0
603
0
587
144
0
27
37
47
175216
220
1
0
0
17
8
0
0
3
113
4
0
19
0
0
0
0
89
0
0
0
0
22
24
0
33
25
0
0
3
52
49
0
8839
11
27
0
25660
77
0
0
0
4
0
0
0
15
0
48
85
32
0
53
0
0
0
0
5
0
0
10
0
0
0
209
40
303
39
9
1767
0
0
252
3
337
0
5
0
0
0
6
2
3
0
0
0
9
61
0
0
10
2
266
0
2
0
235
1
0
96
37
19
0
3
43
0
0
51
71
1
563
1
4
17
4
0
100
17
0
23
2
0
20
0
98
0
1276
31
0
631
0
0
0
0
0
6
104
2
118
0
1
0
0
64
0
20
0
0
93
0
13
4
2
107
0
27
0
36
0
0
20
0
1679
1188
0
0
0
225
98
86
0
0
3
0
0
81
66
1
0
2
24
12
0
2
5
86
0
4
160
25
271
11
19
0
4
16
15
54
0
1
0
0
20
0
0
17
121
0
0
6
1
0
87
9
54
0
26
329
19
0
0
1
58
10
0
0
19
25
0
73
0
0
0
1021
0
28
0
0
10
95
2
0
0
0
8
23
196
103
0
335
2
0
14
0
7
167
0
1
135
24
99
0
22
1075958
64
0
7
35
0
6
32
0
0
0
16
0
3
20
452
342
29
0
142
0
0
0
5
45
0
0
11
0
1525
285
1
0
1
0
0
0
0
10
31
0
0
0
0
2
8
9
0
0
0
29
5
0
0
0
7
53
6
29
2
3
125
247
4
28
31
0
0
0
46
0
377
83
1
5
0
11
0
7
4
0
0
26
7
0
2
0
0
18
0
105
17
121
30
2
116
0
0
1381
1
1
0
0
0
0
0
0
48
73
84
1
0
10
1
0
0
0
5
0
45
315
0
113
1
1
1
2
0
0
3
76
0
11
12
0
0
0
0
0
41
1
3
12
22
32
11
0
6
2
0
0
0
20
3
1
454
376
86
0
1
0
53
84
0
67
1
0
0
10
5
0
2
7
19
0
5959
2
0
38525
0
22
0
0
114
471
115
0
248
0
0
10
0
9
0
0
53
52
0
4
35317
0
20
42
10
94
0
165
0
0
0
0
0
114
193
1
47
0
0
295
0
228
0
0
5
0
0
337
1
1
0
6
10
66
43
4
0
0
0
0
13
2
0
56
0
0
0
0
741
23
67
0
102
0
0
24
0
0
111
178
75
0
0
0
0
402
0
1
0
57
32
0
0
0
408
0
0
48
7
0
0
9
77
0
0
0
40
0
1
14
8
0
0
13
0
49
0
0
0
14
112
0
533
0
0
11
447
0
0
76
0
0
0
50
22
27
263
10
152
31574
0
0
0
0
49
11
68
1
0
15
16
77
1260
66
0
0
0
0
0
32
0
0
82
63
9
0
1
0
1
63
1
15
0
5
3
24
130
4
0
0
0
42
25
44
396
0
0
0
1
0
298
0
0
74
3
113
0
1
75
267
0
11
2
0
0
0
0
2
0
3
127
121
14
1
11
9
0
4
1
114
13
0
0
0
5
21
60
24
0
523
0
167
0
140
30
13
0
0
0
176
273
0
0
0
2
0
82
207
91
64
0
77
13
176
0
17
4
0
0
25
0
0
37
2
0
0
0
0
0
1242
0
17
0
68
371
0
0
22
12
128
0
0
0
0
0
912
22
7
156
0
0
0
0
114
1
0
0
0
14
5
524
8
441
0
23
71
4
0
0
0
0
18
10
0
0
0
3
0
0
0
0
0
0
0
21
0
83
0
0
20
0
78
233
0
0
4
57
3
0
0
303
0
0
0
0
118
28
0
0
0
259
21
2
344
0
10
37
1
5615
27
0
25
0
187
0
243
1
0
0
4
0
30
105
0
1
0
0
0
0
6
108
0
0
1
0
4
1
0
18
0
28
8
0
1
176
0
0
0
7
0
2
0
1
64
0
33
0
0
0
1
0
9
0
0
0
3
10
0
128
0
1
9
27157
0
0
26
78
37
3
23
61
0
0
98
0
20
0
330
293
148
0
3
9
17
0
0
0
8
2
0
0
1
10
0
12
15
0
158
2
1
18
395
2
0
0
0
0
0
3
0
26
6
0
182
0
126
4
0
1
0
2066
0
0
0
0
16
3
0
0
4
2
0
40
157
0
21
828
133
0
0
379
0
0
181
1
1
0
664
6
727
0
0
1
0
50
0
150
120
1
0
0
0
0
8
0
132
0
0
87
0
112
4
0
0
0
10
73
673
0
0
58
63
2
17
0
0
8
111
2
14
3
29
3
288
0
0
1
9
14
35
0
0
3
0
6
0
5
0
60
953
0
0
0
4
2
6
37
0
0
0
0
33
232
5
152
53
4
0
108
106
0
2
38
7
78
106209
0
0
74
0
0
0
1
0
0
0
874
32
5
1875
0
0
18
16
0
244
10
0
1
49
0
0
0
60
1
0
13718
0
159
13
2
2
0
0
0
0
0
3
0
0
0
0
5
1848
9
0
69
32
29
95
18
0
13
327
24
21
11
51
121
2
34
0
0
109
0
0
0
0
24
0
80
19
78
3
1
29
7
21
26
0
0
3
52
4
0
0
0
0
0
0
0
0
1
0
33
0
8
0
0
8
39
209
0
7
18
11
0
34
0
0
2059
0
0
0
0
1
0
30
39
0
1
4
25
0
4
23
2
0
9
8
35
0
0
183
2
1
0
153
1560289
58
0
0
3
3
3
0
6
0
17
4
51
1587
3
0
148
0
1066
0
39
0
0
48
4
0
73
2
16
0
0
0
12
6
0
0
0
0
906166
4
2
0
4
87
0
0
30
227
0
0
0
0
0
8
0
23
0
40
4
4
0
0
126
9
55
9
68
0
11
60
9
2
132
0
58
0
1
2
0
0
2
0
68
0
29
0
2
0
2
0
159
228
0
45
0
153660
15
0
36
123
0
0
1
0
1
21
0
0
0
12
190
1377
0
58
0
0
0
0
8
0
0
0
0
108
2
0
0
3
16635
0
5
9
322
0
1
0
163
109
9
47
0
0
37
0
515
0
8
13
0
150
0
0
32
0
0
0
359
0
63
8
70
15
17
15
41
28
9
134
1
0
2
0
30
87
13
12
24
0
0
180
1
48
0
48
2
0
0
0
0
14
0
0
22
33
1
8
21
476
138
1
0
0
234
161
12
0
57
0
0
26
33
0
3528
3437
195
0
9
37
0
0
1
0
0
6
40
0
0
2
274768
0
1
41
0
3898
1
3
24
11
937
0
1
0
0
0
0
18
193
0
13
0
0
82
0
0
11
6
0
0
0
83
0
0
11
4
61
0
0
10
1
1279
20
27
0
0
9
2
1
57
16
631
0
0
606
4
0
26
15
151
0
0
82
0
14
0
4
5
212
0
0
25
12
17
70
0
0
143851
67
55
5
90
19
37
91
470
133
0
0
371
96
0
2
2
37
327
0
29
0
6
0
4
0
4
121
2
0
7
1
183
0
9
124
5
1
0
16
12
146
0
0
6479
12
0
0
1
0
0
0
0
2
286
47
0
27
51
0
0
73
0
2
42
6
10
0
0
177
0
13
0
310
0
1
82
6
0
32
0
0
142
63
38
0
88
0
0
8
433
0
0
39
144
226
0
147
1
0
0
2
18
17
0
67
4
0
239
65
0
0
67
0
44
136
0
0
27
0
0
9
7
0
661
0
3
7
0
0
0
3
0
6
119
0
73
20
0
0
96
1
0
7
0
21
0
76
693
0
21
18
0
0
24
0
0
5
0
5
19
0
0
19538
12
4
30
2
0
4
139
0
4
1168
0
172
3
0
53
111
45
0
77
0
506
0
0
0
2
0
16
0
24
0
19
251
3
0
0
0
0
593
0
0
9
29
50
0
2
9
0
16
0
0
13
19
0
33
0
0
0
0
3
1
1
43
0
0
242
0
0
0
1
59
82
1
0
126
0
0
420
0
0
67
0
0
8
0
14
4
342
0
37
254
1
0
0
0
0
0
71
0
1
345
3
0
8
0
1
33
332
48
1
167
1
0
11
0
1490
25
0
303
13
165
95078
0
0
5
4
3
0
2
8
695
4
0
0
0
0
238
18
0
0
0
18
6
0
0
0
20
13
14
86
0
0
0
17
0
264
127
0
70
97
0
0
1
6
1
2
0
33
0
38
0
0
7
9
39
0
5
0
0
408
5
3
3
7
0
69
0
7
0
87
0
0
0
27
98
120
32
87
0
0
0
41
0
1
0
0
0
0
207
8
0
5
0
0
6
0
76
0
0
0
36
0
6
0
1
70
19
1
3
28
12
0
0
0
0
0
0
0
0
0
0
33
0
0
0
0
244
0
0
0
0
0
589
40
0
167
0
0
192
0
0
2
4
440
0
0
151
1
1
1068
46
51
0
68
16
4
3
0
0
105
39
0
0
53
0
174
97
0
253
5
0
2
4
78
25
0
8
0
1
0
0
437
134
2123
66
0
0
150
0
0
4
13
0
0
0
0
0
2
74
1
11
5
0
1674
159
0
0
18
10
66
0
2
0
0
0
3
4
16
149
13
0
38
518
0
50
0
0
2
7
0
0
547
397
0
8
0
47
0
930
0
0
0
0
69
0
0
0
3261
0
20
6
0
35
2
0
73
54
0
0
1
6
0
0
44
107
8
0
24
0
87
259
0
0
0
0
6
0
527
0
0
0
0
19
0
165
192
6
0
20
0
12
0
182
1
0
0
0
0
94
2
95
3
0
0
18
20
45
0
0
0
98
0
0
0
112
270
688
69
373
0
0
14
1
104
0
0
0
0
25
0
0
1
0
10
28583
11
0
17
595
0
6
132
0
34
3
0
25
3
0
0
1
23
0
107
0
0
8
21
0
0
0
0
5
4
0
128
5
1
868
0
0
23
1
6
0
72464
0
1
18
15
0
6
0
296
74
0
0
15
352
0
1
0
140
8
1
0
24
2
0
111
30
42
20
97
0
14
0
0
1
0
0
0
0
0
2
123
0
32
0
574
0
0
0
0
153
7
0
55
2
94
36
0
0
0
0
0
563
1
53
0
25
2
0
6
6
12
0
0
170
0
12
1
0
4
1077
0
1
748
0
441
0
23
0
1
0
220
0
20
0
0
83
122
0
21
0
0
225
0
0
0
145
0
40
1
0
64
302
42
0
0
0
7745
21
0
4
0
0
14
0
19
0
0
259
25442
162
17
1
10
3
0
0
0
3
0
4
0
0
0
11
0
12
2
0
0
0
23
0
2
79
0
20
232
6
1639
0
110
82
12
23
37
0
3
0
0
122
322
0
30
0
0
0
10
0
0
1
0
19
23
2666
16
0
0
3
0
71
20
0
0
14
0
1
0
118
0
15
0
215
131
1
0
0
3
683
0
0
1
4
0
3
0
0
0
9
6
0
0
0
0
24
387
0
0
9
298
102
7
45
0
1
0
1
0
1
0
34
4
2228
2
78
0
0
11
511
16
2
0
0
0
0
4
50
0
0
0
59
196
29
0
0
0
26
0
10
0
0
2
0
0
0
48
0
0
30
322
12
0
0
0
0
0
9
22
15
0
0
0
4
0
419
5
0
37
1328
0
0
2
0
2
51
0
72
0
6787
4
5
0
0
23
11
0
85
0
0
0
0
14
1
0
0
0
0
7
0
0
0
2
46
47
0
5
0
0
0
0
27
0
0
6
12
0
0
9
18777
278
11
237
4
1
0
0
21
51
1
0
0
37
80
0
0
12
8
26
144
113
0
2
0
60
0
5
0
7
78
0
154
50
8
0
0
27
506
0
24
34
0
803651
0
117
0
3
0
4
21
1
4
0
0
0
37
12
0
0
177
350
118
0
0
0
92
172
382
4668
0
1
42
0
0
220
0
0
1
44
17
1
9
0
558
314
0
1
0
2
0
80
0
0
0
0
0
2
3
0
77
5
1
33
141
29
19
0
0
86
1542
0
0
114
236
192691
119
29
0
3
0
19
0
12
0
4
2
349
15
0
0
12
39
18
1
0
1
26
0
0
162
70
56
130
73
1
7
17
0
164
0
34
45
4
0
0
0
21
1253
0
0
0
0
0
0
1
121
0
0
50
240
0
5
0
0
187
64
0
21
0
81
0
4
0
0
0
0
0
1
0
19
10
3
0
1
92
1
11
28
0
15
0
0
116
19
7
0
2
6
64
1
127
0
0
90
158
13
21
134
25
0
0
21
0
41
0
88
0
0
23
0
0
16557
0
0
0
0
112
3
5
39
27
1
7
1
0
211
0
0
22
0
46
0
0
0
23
2
31
10
10
0
0
735
0
0
0
57
0
0
1
75
1
0
0
209
1
0
0
524
4
0
0
7
65
43
0
0
1
3
0
6
0
0
0
0
1
7
91
0
0
0
0
0
2
141
38
40
0
7
0
165
95
1
4816
0
1
0
0
10
0
0
0
0
0
4
67
11
0
59
10
0
145
4
0
1
0
0
0
225
1
0
1192
5
12
0
69
0
0
0
0
0
97
0
0
0
38
0
21
31
14
0
0
0
51
0
16
58
35
0
36
29
0
215
0
5
0
1
0
623
0
73
18
44
2
9
179
1
37
21
0
796
0
0
203
0
0
0
0
35
137
0
2
0
24
41
0
0
52
1
4
8
0
4
0
32
1
0
0
0
0
0
0
24
63
56
19
0
30
139
3
0
3
0
74
23
14
157901
91
0
0
0
150
0
0
0
0
0
0
0
7
187
0
0
0
119
0
96
4
0
26
174
77
2
0
0
0
0
2
22
1
0
0
0
8
0
1325
76
53
0
0
0
80
0
31
1
35
0
25
21
0
5
177
62
0
2
129
0
145
36
27
5
349
0
29
290
39
9
279
174
0
0
152
37
0
1
119
159
9
65
0
0
0
58
0
0
0
0
1
0
0
5
0
10
0
17
0
0
4
1
8
7
8
0
0
0
983
125
6
0
0
19
0
125161
0
35
0
2656
0
0
0
2
0
0
33
0
6
479
0
29
24
0
0
1
13
0
9
20
11
817
25
18
5
0
0
0
6
159
16
2
0
0
181
302
109
0
69
0
0
0
0
0
0
0
0
79
1
217
0
5
20
33
8
0
94
0
906
8
136
57
0
55
0
0
22
0
9
0
926
0
0
83
3
0
0
0
0
2
113
89
16
0
10
0
664
0
49
8
0
6
0
5
47
0
0
0
0
0
4665
0
0
4
0
0
0
0
541
0
139
494
0
82
0
6
0
57
4
1
99
80
0
9
0
7
6
0
3
0
0
372
5
0
5
0
0
0
3
0
25
1
72
107
1
35348
8
0
0
5
0
21
0
61
0
0
70
0
0
1
19
2
66
0
12
3
0
0
0
0
28
24
12
129
1
75
5
0
174
7
0
0
29
0
240
0
0
0
0
123
0
0
0
181
0
9
59
61
0
0
0
567
0
1
18
5
38
177
0
0
8
0
0
0
8
286
40
32
546
376
1297
0
3
0
38
0
0
117
30
0
1
0
0
0
127
0
20
0
3
321
10
27
0
198
0
251
0
0
56
215
5
0
0
12
8
72
29
0
0
0
0
1
0
4
0
0
3
2
0
96
11
0
0
0
16
0
1
4
604
306
13
57
12
0
0
6
17
0
2
0
0
13
0
0
530
0
4216
82
0
2
67
2
0
0
0
59
0
9
0
0
0
0
0
0
0
0
59
9
343
0
0
3
16
1175
799
2
0
0
2
20
4
12
4
0
7
6
0
2
0
54
0
38
0
0
307
0
12
0
15
37
0
0
25
0
20
0
0
0
0
0
0
550
0
62
3698
146
13
1
87
2
0
9
25
0
18
104
0
0
26
1899
0
0
62
31
52
23
0
28
0
13
0
270
140
0
3
0
5
1
0
1
0
752
5
4
0
10
0
234
27
244
0
0
1
0
43
0
0
0
2
1
0
0
0
1
4
30
7
4
0
2
0
0
0
0
49
38
0
306
34
0
2
5
23
26
0
0
164
0
81
0
0
24
2
2
112
173
109
0
0
72
0
33
2
0
0
0
0
0
719
5
3
53
145
301
0
13
1
15
0
0
0
16
3
0
37
1
13
0
0
0
27
0
315
70
1
368
101
1083
0
3
0
21
25
421
0
2
44
47
0
6
0
4
9
0
1
50
139
1
0
23
0
7
59
104
0
0
92
0
11
18
0
18
38
1
0
0
45
161
4
0
0
140
56
15
0
0
9
0
28
42
0
0
0
0
0
117
0
3
34
0
11
337
2615341
33
10
1
0
0
0
0
4
0
6
0
0
0
5
67
0
5
0
2
141
0
15
487
24
142
0
15
0
6
69
6
3
0
0
0
0
0
60
24
6
488
14
46
6
96
0
204
0
649
0
4
14
8
1963
0
16
457
0
1
4
901
0
241
0
3
0
142
18
0
0
41
62
262
0
720
84
0
0
23
10
0
0
44
20
26
1
0
0
18
0
10
23
2
30
0
1
21
0
0
2
25
0
0
1
6
0
41
55
1
0
5
1
4
1
0
0
1
520
197
6835
58
0
0
0
4
0
3
0
11
2
0
0
38
0
6
110
77
258
0
0
0
515
0
0
59
12
104
0
47
1
0
0
21
180
2
0
0
5445
0
1515538
227
2
4
122
24
0
5369
0
0
1
0
2
0
0
19
1
212
0
17
0
23
85
1
0
0
1
0
0
89655
0
0
0
2768
0
13
20
13
1
0
0
18
43
301
1479
0
12
2
6
12
7
0
0
18
5
3
13
108
123
210
52
0
0
5
5
135
2
0
2
0
0
0
45
349
0
0
0
0
1
0
1
11
23
3
0
0
0
24
32
0
0
1
176
0
26
0
0
0
0
0
58
18549
522
121023
0
0
2
0
0
0
0
0
103
0
15
0
0
7
0
3
14
22
164
175
2
12
39
0
22
11
0
0
0
2
4
1
0
0
0
0
2
0
40
0
0
0
0
17
0
177
1
28
3
0
45
99
23
25
1
3
0
0
106
0
2
0
4
0
0
16
6
7
5
1
7
0
0
59
0
0
0
15
5
36
0
0
2
0
0
0
108
3
0
24
74
0
8
65
0
5
0
0
349
0
7
41
52
0
4
43
6
0
0
0
3
6
0
0
105
0
85
4
11
1
622
190
2
32
0
2
11
299
0
0
0
14
46
0
2
0
28
0
4
781
0
0
0
15
0
1
0
0
0
0
51
0
0
2
43
0
19
0
1
0
0
0
82
10
0
0
41
0
106
41
43
7
16
26
0
0
37
4
0
0
59
13
66
87
0
105
0
10
348
35
13
0
43
19
0
69
0
0
495
0
3
2322
11
860
0
34
0
44
24
11
0
0
0
17
0
44
252
0
299
1
81
0
50
55
0
0
59
373
104
0
24
1
0
2
0
9
0
57
1
16
46
0
0
1
0
0
2
34
0
10
0
0
0
0
68
0
0
0
57
624
1
31
0
5
1
0
0
0
3
0
757
0
3
0
27
129
0
0
3
2
93
2
32
5
2
0
3
26
31
0
8
6
4
42
0
0
0
0
0
1
0
4
16
0
0
12
251
22
38
1112
0
16
5
589
0
0
18
73
4
1895
32
51
18
49
14
628
1
2
0
0
0
46
283
47
69
160
0
8
236
393
0
24
0
10
73
145
5
0
1
0
5
0
6
268
205
277
0
0
0
0
14
111
0
14
0
2308852
361
15
0
0
1
240
2
264
7
0
0
26
6
5
0
5
554
24
2
327
27
0
29
4
4
123
2
0
0
1
11
0
151
1
3
1
8
0
41
0
258
0
9
307
2
2
63
11
16
48
0
14476
0
0
0
232
0
229
0
14
13
26
0
20
195
0
165
21
0
3
0
0
203
1
17
23
0
0
0
0
62
0
131
0
216
23
0
280
22
9
0
21
0
37
5
17
17
12
0
0
2
3067
588
568
445
2
0
123184
0
0
825
0
0
0
38
1
0
33
0
21
62
2
7
0
187
101
43
35
600
161
8
174
34
11
0
1
3
47
70
9
0
0
5
0
4
0
0
43
0
23
168
0
3
57
84
1
12
34
0
0
0
82
0
26
8
127
4100
17
0
1
52
1
4
0
0
1134
0
0
20
125
6
50
24
0
193
243
28
49
0
0
0
0
0
8
0
3
1
1
1362
42
0
0
19
20
0
0
0
0
4
22
0
3
32
0
0
17
0
150
123
0
108
1
76
1
0
0
0
0
10
39
0
0
132
0
20
34
119
0
275
4
0
0
12
0
0
0
2186
0
79
0
0
8
0
31
0
0
0
1
0
0
0
0
4
26
3
6
0
10
145
1
0
1
0
42
14
0
17
25
10
0
0
12
43
0
3
0
0
431
108
23
0
4
6
116
19
31
0
4
24
4
161
0
0
0
23
1
32
0
6
0
0
0
66
0
0
5
0
3
0
2
202682
69
30
44
0
20
127
0
0
0
56
138
0
0
6
0
33
4
0
0
21
0
0
32
1416
0
0
62
341
0
0
1
0
12
14
0
19
12
4
0
67
0
2474
9
2
37
0
0
0
0
0
0
6
9
1
0
0
111
2
0
38
18
0
39
6
134
2
0
9
0
0
0
0
182
14
0
14
19
22
0
4
0
0
9
6
0
0
2
0
0
3
0
0
64
56
485
0
42
0
208
0
0
93
0
887
0
51
0
4
0
129
0
0
0
1
0
21
392
0
10
0
0
0
0
0
1
0
4
0
110
6
4
7
11
8
186
8
0
28
361
7
9
5
0
0
18
0
2
659
0
86
0
0
298
20
260
0
0
0
32
12
0
0
0
667
0
23
7
89204
164
9
29
19
0
0
411
0
8
513
0
83
0
0
9
110
0
0
421
1
24
77
0
0
0
0
40
1
0
0
27
0
5
0
46
0
1
0
0
0
0
221
0
0
0
168
1
3
3
0
0
51
4
0
559567
0
0
10
0
12
1
0
3
30
73
0
34
0
7
2
0
0
0
0
13
20
0
0
0
10
1
3
0
0
0
15
0
7
79
0
0
0
18
0
0
32
60
7
0
117
0
0
10
11
182
5
247
33
234
9
26
1
0
0
0
210
0
2
1
0
1
2
181
7
0
0
0
0
1
0
3
15
18
0
0
8
20
0
0
0
71
0
0
86
19
0
0
1
3
0
0
0
70
0
2
0
16834
0
0
35
82
16
47
0
122
2
27
0
0
6
1
2
0
18
102
10
46
0
298
22
127
407
0
0
5
4
1
0
0
0
3
0
15
0
1
0
0
0
0
0
0
0
12
18
0
35
0
0
64
0
3
0
96
3
0
0
0
0
1
0
5
33
349
0
0
878
0
96
0
0
0
524479
234
0
7
0
0
0
0
10
0
0
295
0
0
0
12
5
0
0
15
62
180
129
6
0
153
1
59
0
831
17
0
3
72
108
0
0
1626
0
0
5
0
0
7
0
1
0
1
22
17
0
0
0
50
4
42
72
1
0
0
0
446
18
0
9
0
30
0
0
0
15
150
0
43
0
1
0
75
295
1
11
2
0
187
0
6
0
0
61
204
0
0
46
3
0
0
0
6
0
0
0
1
19
1
1
10
17
4
1
0
0
0
0
0
260
43
0
8
19
12
0
154
0
18
37
83
0
9
0
0
0
0
98
0
0
0
82
24
2
0
0
4
1
3
0
64
10
0
0
0
0
1
0
0
0
0
11
0
0
0
0
23
10
1
7
0
5
0
70
0
0
4
0
803
4
7
0
0
0
0
29
42
0
0
0
0
5
0
7
1
0
45
3
0
0
50
50
0
46
0
12
0
0
9
19
298
2
18
19
120
11
0
145
7
0
639
143
34
353
0
176
256
0
0
0
0
0
84
0
60
0
0
4
350
303
11
5
0
0
0
1
2
0
0
0
0
0
0
2
0
3
32
3
90
7
0
0
19
0
0
20
1
0
10
0
0
0
502
0
0
28
0
0
0
0
7
21
0
0
77
2
5
0
36
22
0
0
0
3
0
0
147
6
0
6
0
225
20
0
47
133
5
28
0
0
0
204
2
0
0
0
2
168
0
8
0
50
1
0
2
0
4
138
9
0
0
20
1
0
3
20875
54
99
0
0
0
76
0
0
164
71
19
0
0
0
0
0
0
51
6
0
1
1
0
1
2
1
2082
0
1
30
245
0
0
5
0
142
10
61
181
0
9
392
1
0
35
0
0
0
4
0
0
16
60
0
0
0
1
0
30
0
805
0
1
1
0
0
1
84
41
9
7
0
0
2
0
14
33
54
0
1
0
0
63
0
176
934689
41
221
0
14
0
80
0
0
7
2
3
0
36
37
6
0
0
77
5
41
0
2
0
0
298
697
0
0
5
0
175
0
41
0
0
14
137
0
30
49
6
4
73
319
0
354
11
153
127
7
0
0
0
4
152
0
14
0
0
0
0
0
0
0
6
302
52
345
0
333
0
3
89
137
0
0
89
0
12
0
0
0
0
7
31
0
0
0
2
34
13
0
3
0
9
260
333
5
0
130
0
14
33
0
106
0
20
0
52
0
215
18
0
0
0
5
3
136
159
14
0
4
0
202
2
21
0
128
72
0
78
27
3
4
1
248
848
0
0
37
0
18
0
0
0
0
0
2914
53
0
0
1
0
96
19
556
0
0
430
0
2
0
8
11
9
0
0
0
0
0
0
227
6
0
143
0
2
3
0
4
0
0
64
11
0
0
0
0
7
13
7
0
0
0
3
1
0
0
0
0
51
0
76
100
0
0
57
29
9
1
66
0
37
0
2
1
0
0
0
140
16
0
12
0
0
0
0
1
0
0
9
72
0
1
0
1
80
0
27
13
49
0
0
0
295
0
0
41
0
0
0
0
23
94
147
1
0
0
18
54
2
26
0
0
0
67
0
0
0
211
11
0
0
52
13417
0
0
177
7
5
41
3
268
0
0
0
18
7
0
692
1
0
0
0
0
282
25
0
29
53
0
0
3
0
24
0
32
0
330
0
20
31
0
0
0
6
0
0
39
22
0
116
12
8
0
0
0
37
0
0
0
0
36
30
2
133
3
8
0
13
69
131
0
2
0
6
383
1
0
0
0
3
0
0
32
0
636
7
1
26
0
32
0
66
56
5
14
0
0
24
0
106
0
14
0
0
0
130
0
49
0
23
70
17
1
0
6
95
703
60
0
13
0
214
11
2
21
0
0
190
94
301
1
0
33
167
16
0
0
0
1
0
0
6
43
57
0
8
3
11
0
0
0
0
0
731
0
0
0
0
0
4
214
0
49587
209
0
0
2
2
313
0
0
0
4
0
0
245
1
0
13
2
11
22
0
26
0
0
0
7
119
4
23
0
0
0
53
0
0
272
0
0
0
0
6
0
0
0
28
0
7
13
7
6
0
0
0
0
0
15
29
0
0
0
0
223
0
37
0
0
0
0
112
1223
4
1
88
241
1253155
0
128
0
2
4
0
227
0
0
179
1
0
0
1082
15
0
1
0
0
327
0
10
0
0
1
626
34
0
0
5
4
220
0
632
0
34
0
0
0
0
0
7
52
0
0
0
50
69
0
21236
0
1
0
4
0
4
29
2
135
0
354
0
0
62
0
10
0
80
0
0
132
0
24
0
1
0
0
0
12
0
170
5
105
0
124
0
53
0
21
44
63
14
0
0
15
44
0
5
0
352
55
0
1
55
128
57
0
290
0
0
14175
2
2
0
0
166
0
12
1
0
0
0
0
11
0
4
151
0
6
5
40
17
5
6
0
237
0
8908
32
0
0
1561
98
3
187
46
0
0
0
35
198
0
54
0
309
0
4
0
0
21
0
2
1
0
68
2
2
4
1
0
42
5
464
0
2
0
60
0
28
134
5
4
0
143
1
82
0
0
0
4
7
0
2
0
0
0
127
148
0
29
0
10
38
0
0
3
28
18
28
0
0
109
0
0
0
2
12
0
0
20
0
1
4
11
33
19
36
5
447
28
0
0
5
0
0
1
0
0
282
19
3
0
0
0
0
0
4
0
207
26
0
0
0
0
25
0
30
275
6
0
0
0
40
35
0
52
65
7
0
0
9
0
3
0
4
125
0
47
121
42
0
0
49
128
2
2
6
54
406
810
2
0
1
3
0
0
448
0
0
2
43
11
0
5
441
11
8
0
28
0
5
10
0
0
31
0
7
220
0
0
0
0
26
0
0
0
0
0
0
1
7
7
0
791
0
65
0
163
0
101
18
0
0
1
91626
0
0
151
0
0
0
0
18
130
12
0
0
0
0
136
0
4
0
44
0
0
1
107
36
1
9
10
8
5
0
0
53
60
0
0
0
704
0
0
0
0
1
341
1
3
1
8
10
0
0
1
0
10
0
5
5
0
0
102
0
40
60
22
0
350
1
0
0
7
1
0
381
0
125645
127
0
0
2
26
0
18
0
0
65
0
0
176
5
1
0
11
1
2360
49
22
0
15
0
0
0
114
42
0
0
0
0
706
64
0
1
7
1
76
1
4
3
0
0
243
0
65
1
15
3
55
0
0
0
53
1748
22
0
4
37
0
1
0
25
0
0
5
0
4
18
1
69
10
41
0
1
0
8
0
0
0
0
0
14
0
0
0
0
11
0
0
2
4
0
0
2
3
49
98
470
3
312
228
490
1
0
12
0
6
1
49
0
5
395
15
9
175
11
57
0
4
8
0
0
53
11
0
0
11
18
0
348
0
0
97
3
16
0
0
0
0
0
1
16
0
0
163
0
0
13
0
0
8
0
2
30
11
0
835
0
0
0
1
388
0
0
2
0
0
0
0
0
0
0
528
0
0
0
1
97
0
1
0
77
5
0
0
0
3
2
4
13
44267
0
0
25
46
0
0
90
35
5
44
0
1
26
7
1
0
117
0
14
0
0
0
68
7
0
16
0
0
28
0
1
0
4
1
0
17
9
0
116
0
30
72
0
36
0
0
18
0
859
1
0
7
0
4
1
114
0
123
0
229
0
392
4
0
26
2
9
0
0
0
73
0
0
0
4
0
0
0
3
14
245
0
0
0
103
9
4
0
218
0
103
8
0
0
113
0
13
841
417
107
46
81
39
0
0
0
0
0
0
0
0
0
3
144
0
6
0
33
4
0
0
64
46
0
8
122
0
25
2
42
0
0
0
0
5
8
29
15
0
0
4
0
0
10
80655
0
43
517
0
1
87
81
0
0
274
1
0
12
169
0
84
0
0
1
0
19
0
7
0
0
16
0
0
20
479
0
0
43
0
2
33
0
394
0
3
0
249
1
0
0
0
0
0
0
3
0
0
0
0
18
17
1585
0
0
0
0
92
372
0
0
3
0
8
125
0
0
120
185
24
2
16
0
0
0
0
0
1
0
100
0
0
4
11
1
0
0
0
17
0
361
62
1
0
7
451
39
6
11
4
102
34
0
15
318
211
0
24
1
0
0
0
4
0
2
0
5
0
0
0
15
117
28
14
0
375
122
312628
14
0
173
16
15
55
0
5
0
0
0
0
0
0
5
0
9
0
0
0
0
0
9
6
8
0
335
0
47
0
0
141
0
0
0
0
0
0
54
1
40
0
25
215
47
244
0
5
81
1
0
0
153
16
59
4
43
73
2
0
1
14
87
2
0
0
13
18
146
144
0
1
1634
0
0
2
0
1318
0
12
6
56
0
0
0
1
43
146
0
2
0
0
0
0
5
5
0
29
6
0
76
47
0
13
0
0
0
1
0
9
83
50
186
34
397
0
0
0
0
9
75
0
191
0
27
9
12
509
0
0
3
0
0
0
0
113
61
0
431
0
6
45
0
0
162
0
4
0
0
0
25
17
1
0
2
0
190
6
0
1
0
15
0
0
51
0
0
0
54
0
0
3
38
70
12
0
0
45
5
0
0
2
113
0
8
28
0
0
0
227
94
5
0
4
19
0
0
0
0
0
25
0
0
70
0
1
289
17
0
11
0
96
3
0
0
13
0
0
0
0
22
0
226
22
0
5
0
0
215276
2
288
41
69
34
28
33
13
3
178
498
1
11
21
0
523
47
41
0
3
0
82
7
152
136
157
2
39
0
38
52
0
0
84
110
2
0
2
13
0
0
2
0
1
29
32
0
49
0
0
0
4
116
0
104
296
0
0
2
0
118
143
0
0
0
108
11
0
2
2
1
16
0
0
21
0
214
25
0
1
3
0
0
31
11
117
8
0
0
0
7
0
0
117
25
5
4
0
26
0
86
0
369
0
0
4
0
1
0
0
0
10
0
0
3
0
4
871
124
0
0
0
0
16
2
0
108
0
0
4
8
1
0
1
164
0
161
0
51
95
5
256
0
10
12
7
131
1352
70
1
15
322
0
0
0
3
0
10
22
0
2
12181
0
0
3
2
26
0
0
1
0
0
0
605
0
0
1
0
0
0
18
9
47
0
0
0
244
1
153
0
0
3
0
0
8
35
508
1
0
31
7
0
6
0
123
20
0
1
457
0
8
5
4
48
0
0
94
0
0
2
0
0
0
0
0
12
1
0
0
1
214
81
4
0
84
0
0
50
115
0
0
1
0
0
20711
67
0
0
0
132
0
43
8
0
17
0
56
59
66
69
0
0
1
0
102
49
2
2
22
0
0
2
8
0
0
0
0
8
0
0
40
201
197
0
0
0
0
7
2
1
0
0
0
0
0
47
1
205
0
0
0
137
0
0
2
26
1
15
0
5
24
75
7
132
3
78
307
42
0
0
0
16
5
5
14
945
0
1
20
39
0
0
0
2
222
0
0
3
0
21
1
51
113
17
0
14
12
29
1
0
2
0
22
9
0
41
55
0
0
0
0
0
4
0
0
0
81
0
0
166
327
3
0
0
0
130
0
57
0
0
0
0
0
13
27
41
71
0
3
1
0
6
0
0
0
0
0
0
44
0
0
165
0
0
0
0
0
18
0
34
1
15
7
71
0
0
19
0
4
0
2
0
0
1
0
3
25
1
1
0
2
0
2991
24
0
1
0
11
0
19
3231
912
0
0
9
6
69
1226
18
0
0
187860
0
0
0
0
0
0
0
0
0
19
5
3
7
105
33
4
0
0
98
0
0
9
0
3
0
13
64
20
0
0
11
5
0
0
2
54
2
10
2
0
0
116
0
110
0
0
16
76
9
2
0
200
0
0
0
5
577
0
0
0
0
111
0
103
15
66
30
31
9
0
8
21
0
9
33
8
0
657
0
0
0
1166
0
31
0
196
3
201
30
0
0
2
0
0
272
0
0
1
0
0
0
0
3
19
0
19
1
65
0
0
2
215
81790
0
18
1
0
0
1
2
32
1
0
17
101
121
7
26
0
10
2
23
0
136
0
5
0
0
0
0
205
8
2
0
1
25
23
1
0
127
0
16
9
0
22
6
0
440
1
10
0
1
12
13
242
154
0
0
3
25
194
56
10
0
0
28
2
29
825
0
0
0
0
0
0
4
111
0
0
21
12
50498
0
192
3
74
0
0
0
0
0
0
8
140
31
0
0
11
0
23
0
0
1
104
0
2
9
0
0
0
0
10
0
39
0
141
0
192
56
0
13
0
0
366
244
0
0
41
11
0
1
0
0
1
265
83
8
12
0
1
3
0
2
0
23
0
11
0
3
0
0
26
0
0
0
0
52
0
1397
82
13
0
193
0
4
5
0
0
62
41
288
4
238
33
14
0
33840
0
0
0
0
0
11
0
0
0
22
0
8
0
0
0
1
1
0
2
20
0
3
38
3
1
0
1184
9
6
2
0
0
0
33
4
0
9
113
122
382
0
0
0
0
12
3
8
75
14
0
0
23
0
0
19
4
0
0
1473
0
2
18
0
23
21
0
103
15
4
0
8
7
137
237
0
0
10
0
2
0
16
0
0
0
234
149
646
0
0
0
3
0
19
8
517
0
107
70
0
102
0
3
31
0
5
2
1214
0
0
3
0
33
30
16
0
0
1
15
63
0
0
2
76
0
0
6
0
9
5
22
5
30
0
12
86
0
103
26
0
282
0
1
0
26
138
8
0
0
0
10
0
20
0
0
2368
8
107
0
357
33
0
16
15
13
34
1
0
0
1685
22
0
0
0
0
19
67
1
25
64
0
0
0
15
6
177
0
0
7
0
45
0
1
0
25
0
47
1
86
0
1
0
0
0
0
42
0
3
150
57
128
0
31
5
58
4
0
0
0
21647
18
0
1
3
12
205
20
0
0
0
81
1
1
11
53
5
62
67
0
0
52
42
3
134
0
7
0
0
0
8
1701
0
14
0
25
45
27
28
0
0
0
210
6
312
1
7
4
5
1
15
0
0
15
0
0
0
0
0
0
94
0
0
0
29
38
20
1
12
331
38
0
33
117
0
75
0
14
0
0
7
0
2
201
18
173
0
0
17
2
16
0
8
123
23
0
0
5
9
134
0
18
0
0
22
248
0
0
0
0
12
529
12
0
0
0
12
5
0
111
2
0
6
1
0
10
1
2
0
0
0
1
200
8
0
31
0
1
2
0
2
0
21
0
5
0
0
7
0
0
0
0
500
0
0
0
0
0
153
49
0
14
2
230
0
0
1
0
7
389
3
0
0
0
17
263
135
0
55
13
58
0
0
0
14
4
146
314
2
0
0
0
0
0
0
79
0
87
40
19
0
1
0
46
12
26
0
0
0
5
0
2
0
0
15
3
26
607
16
0
9
2179
53
0
44
0
0
0
0
50
0
94
5
0
0
342
0
5
301
11
4
0
39
0
202
109
0
0
142
0
0
0
0
0
11
21
467
0
55
0
0
4
0
0
0
0
1
225
2
44
1
53
20
0
0
0
3
0
104
0
691
178
112
0
1
80
2
30
0
0
66
0
657
0
16
0
0
0
196
121
0
0
7
0
0
0
0
2
9
13
27
12924
0
0
0
71
0
262
0
8
155059
33
13
426
105
6
0
2
25
201
4
0
204
115416
0
96
0
0
0
3
0
0
29
3
0
91
0
1
0
0
0
0
0
0
0
3
0
13
0
50
0
0
0
0
0
11
0
0
8
0
72
1
0
33
4
0
0
73
3
0
0
25
8
34
41
19
0
2
0
806
0
0
0
1
6
0
7
0
0
0
15
26
0
0
37
5
0
0
15
509
32
397
12
0
1
109
0
8
82
0
0
0
78
78
1
0
5
11
181
0
0
0
0
2
0
0
4
0
0
0
0
0
2
0
52
229
28
54
107
0
2
0
0
1
0
16
0
0
5
8
0
0
93
0
0
0
80
0
0
1
22
0
22
38
16
55
4
0
3
0
0
4
0
5
4
0
10
0
0
2
0
0
21
1
26
3
9
0
0
0
3
0
0
90
3
0
0
10
0
3369
25
0
21
0
3
7
126
0
40
29
95
0
2
33
65
1
0
3
0
0
0
39
69
0
0
0
0
35
0
15
0
0
0
1
0
0
0
218
0
20
0
0
0
0
2479
1
271
91
0
21
1
0
1
0
56
50
0
0
1
0
0
0
1
1
2
0
28920
4
33
5
0
21
2
5
23
403
5
0
18
0
3
0
0
3
0
107
1
0
0
72
938
15
0
0
43
0
1187
114
0
0
19
882
0
0
342
0
3
35
0
0
1
1
5
7
0
126
7
85
0
1
0
0
43
0
29
186
21
210334
14918
0
0
3
0
0
3
0
0
0
7
3
0
1
0
18
25
0
0
0
4
0
68
15
0
269
7
0
0
7
100
12
11
0
1
0
0
9
26
13
0
0
0
12
0
0
257
3
45
0
0
19
0
52
15
169
0
344
0
0
0
41
0
87
7
101
11
1
0
0
0
195
0
0
3
0
0
2
0
168
7
70
5
3
33
1
0
17
0
0
0
130727
0
28
0
0
179
174
21
0
147
7
0
6
0
0
0
13
0
0
0
0
54
59
0
56
8
0
15
6
3
2
0
42
4
0
385
0
0
182
0
0
44
1
0
0
1
150
1
0
4
2
35
1
280
0
14
0
8
0
0
8
0
21
47
0
13
0
314
0
0
0
18
0
3
0
0
0
45
0
4
0
0
72
1
0
2
3
0
0
0
10
663
0
0
0
14
0
1
6
58
66
9
66
0
0
0
1
105
7
178
16
0
174
0
44
0
0
0
54
22
0
33
0
3
6
4
0
0
69
86
14176
233
0
13
85
14
0
38
13
24
5
331
0
21
1
1
140
0
0
222
10
498
1
0
0
0
30
214
0
664
0
0
0
124
0
12
8
2
0
288
47
0
19
12
128
36
390
0
3302
0
0
18
546
14
1
0
14
45
15527
3
0
0
0
6
0
79
5
0
0
0
0
81
55
10
8
172
250
0
0
8
0
0
244
13
0
86
0
104
8
0
9
4
0
0
19
0
14
1
0
0
53169
0
0
8
6
187
0
3
0
0
0
0
19
7
0
0
0
0
4
0
0
0
0
1
0
0
0
0
0
14
0
6
0
0
156
86
433
0
0
0
38
22
43
1301
1154
11
0
0
0
68
20
0
16
99
1159
0
68
0
164
6
14
113
0
0
0
256
1
0
0
0
103
0
0
6
63
6
2
0
0
0
4
0
18
0
3
15
11
0
0
4
12
0
41
300
231
2
0
3
0
0
42
0
34
5
0
0
11
0
2
0
0
48
0
0
18
0
0
0
0
33
0
1
0
0
0
25
0
0
0
630
0
3
0
34
1
0
1317
24
19
0
0
8
6
0
210
0
0
0
54
0
0
0
0
43
6
9
0
0
0
4
0
210
21
47
0
101
68
0
0
14
0
2
1
68
0
0
0
68
47
0
107
0
0
230
1
0
0
19
1
0
0
7
589
0
23
22
0
2
94
26
0
0
3
32
0
0
0
3
11375
0
0
14
1
0
0
118
0
136
177
0
0
0
0
163
2
0
10
121
0
0
0
277
101
0
0
0
0
9
0
56
61
0
50
0
21
323
0
14
0
0
2
0
262
0
0
0
62
31
0
2648
0
0
21
0
0
25
2
2
15
0
0
354
0
0
2
1
3
11
0
2
0
4
1
2
8
38
0
0
0
0
0
23
0
1604
191
16
5
32
0
0
28
106
3
2
0
3
0
0
0
346
0
0
50
0
544
1
0
2
81
38
0
0
0
66
156
192
0
29
0
7
0
6
0
3
7
6
0
1
0
72
0
2
2
14
2
0
0
0
3
0
82
2
1
285
0
11
0
48
552
15
0
54
0
8
64
2
0
0
1
12
405
0
34
2
0
34
97
9
0
162
6
0
13
0
1
0
0
0
3
0
0
275
0
0
0
51
4
53
0
0
29
23
808
0
0
38
0
0
0
20
5
4
0
3
0
0
0
0
683
206
0
0
20
0
0
0
853
1
0
86
258
0
0
0
26
1
0
0
515
0
1
14
0
9
0
17
0
9
1
3
0
190
69
0
0
29
106
499575
0
388
0
0
1
61
0
0
0
1
0
1
0
3
7
0
115
16
0
15
0
0
91
0
58
0
1
69
37
0
12
0
172
0
0
264
144
137
0
116
0
29
0
58
0
12
21
0
0
3263
353
523
0
0
662
0
0
236
0
0
16
16
170
14
0
299
99
0
0
0
0
6
10
26
18
53840
31
0
155
0
0
0
1
303
0
51
109
0
4
0
4
80
0
0
34
480
0
199
0
0
0
27
0
0
1
19
83
0
287
40
19
36
13
0
0
0
0
47
0
0
786
10
0
0
0
1
0
14
9
0
0
1
33
0
0
72516
604
75
418
0
0
0
28
482
0
0
2
8
0
30
0
3
14
58
13
45
1
0
10
1030
0
36
0
18
0
0
5
0
0
4
2
0
0
0
113
79
37
0
11
27
0
0
15
18
29
3
0
1
0
0
0
0
122
337
111
6
13
7658
0
0
10
0
3
415
14
0
0
13
0
130
0
0
20
20
0
0
0
12
0
0
104
0
0
0
0
0
0
83
12
29
28
54
0
0
0
77
0
5
0
103
0
1278
13
7
2
0
0
0
0
6
0
37
0
0
0
0
370
31
0
33
0
20
0
75
92
0
0
0
0
0
0
64
76
0
0
0
0
0
279
2
0
0
0
2
7
7
0
2
0
31
2
0
0
423
41
0
20
90
251
4
18
5
0
7
0
0
179
0
181
0
17
0
186
2
0
6
83
0
0
0
96
0
10
7
0
0
0
108
2
0
0
0
10
335
3
0
0
82
9
0
0
0
0
9
0
0
211
20
1
0
80
0
6
109
7
1
3
0
0
0
0
24
0
170
0
0
0
0
0
8
2
41
41
5
0
0
17
0
80
1
0
0
0
101
12
0
3
12
0
37
0
5
0
0
12
49
56
150
1
88
0
0
56
104
0
276
8
26
0
0
14
0
1
40
31
0
0
8
0
51
333
1
0
0
18
16
0
85
283
2
264
14
355
354
0
0
6
0
3
20
0
2
0
0
0
0
2
0
0
0
12
0
0
4
1
67323
0
0
6
0
0
0
1
0
0
0
0
0
20
0
27
0
0
6
2
1213
0
548
0
0
30
227
33
137
30
1
6
10
0
6
1084
0
189
75
0
282
31
0
0
2
9
0
0
185
0
12
109
19
0
72
0
7
8
1
294
0
2
2
0
0
3
6
31
0
2
0
8
0
213
0
0
0
24
2
23
1
0
35
0
4
142
1
60
0
1
0
0
0
0
4
6
0
0
10
0
0
1
113
9215
0
302
272
0
0
265
2
20
2
44
11
4
20
0
0
181
0
23684
39
0
67
1
0
0
8
17
0
0
0
10
0
0
0
13
0
82
0
0
0
12
0
0
20
301
0
132
40
1
1
0
2
0
0
379
19
0
0
179
22
2
0
0
0
172
57033
980
82
67
27
2
31
725
7885
196
673
635
2
0
0
59
0
164
0
71
9
0
21
142
40
542
5
0
0
0
8
4
310
0
15
2
0
0
0
0
0
53
20
0
2089
6
8
0
2
0
0
0
194
0
0
0
5
0
0
0
0
0
2
0
0
96
1
0
8
4
7
15
0
26
11
61
27
249
140
145
0
110
0
3
58
0
0
94
0
0
0
0
0
0
0
3
0
9
4
10
0
16
95
0
3
0
0
0
0
0
106
0
0
23
2
23
0
0
8
115
55
1
0
0
8
0
0
0
93
0
0
0
0
0
143
553
0
0
12
178
0
2
0
0
0
1
0
1030
20
53
6
59
110
0
6
317
0
0
42
0
0
141
0
0
0
4
224
0
0
0
0
0
0
0
0
0
0
25
59
40
0
12
41
0
0
0
0
0
1040
13
1
0
0
1089
0
1
0
0
0
43
353
3
0
0
0
0
29
2
0
19
3
7
4
1
0
32
0
0
195538
0
0
0
220
3
0
0
1
71
0
0
0
0
84
3
0
4
345
42
45
0
59
0
20
5
1
33
140
191
9
374
0
9
2
36
266
910
136
29
4
0
11
0
100
0
0
248
10
0
0
0
0
1
0
22
0
0
0
19
0
0
2
109
97
0
39
2
0
453
7
66
31
26
0
0
28
144
0
5
12
0
83
0
0
2
0
80
0
31
3
134
1991
0
77
0
7
0
0
1
301
4
0
0
70
0
0
0
17
0
245
132
796
8
6
366
0
0
7
247
0
1
0
4
24
0
389
128524
0
11
215
0
10
11
0
0
175
496
0
50
44
2
0
120
0
0
14
0
0
7
0
0
0
0
0
0
2
0
0
3
3
0
0
0
0
20
521
6
0
0
816
46
0
134
10
1
7
0
0
0
0
0
0
0
57
1
0
34
0
677
23
5
0
5
37
0
480
196
66
0
0
12
5
21
4
0
0
0
92
0
0
3
0
0
4
0
0
684
10
0
9630
93
0
0
0
0
0
648
0
0
0
84
2
2
592
0
5
0
0
2
108
0
0
0
14
0
3
0
585
2
24
2
3
0
14
10
172
15
46
512
0
0
0
0
0
0
6
0
23
217
1
2
0
3
0
10
292
106
1
27
35
489
149
12
0
1
1
0
14
153
0
3
0
118
34
4
11
1254
3
133
1
2
98
0
429
270
0
0
100
0
179
1
0
5
2
0
0
5
98
0
13
1
4
20
0
0
0
0
12
0
0
2
0
25
0
0
192
0
8
0
0
0
0
5
123
4
13
40
111
0
0
192
0
25
0
32
1
560
0
0
9
17
28
3
5
210
50
17
0
0
0
0
0
0
814
0
6187
0
36
117
7
107
3
2
15
0
67
0
4
2
0
0
31
0
0
40
16
1
5
72
59
6
0
0
7
1
0
0
1
518
2
0
20750
0
0
0
57
47
0
36
0
1
0
0
196
2
1390
0
0
0
9
0
45
19
2
1
6
0
239
0
0
0
681
0
548
204
822
0
112
6
0
86
12
0
0
169
0
0
0
0
516
33
1
0
0
4
168
0
0
0
0
0
22
0
0
0
0
47
55
1
0
2
6
160
11
105
2
82
30
0
0
0
0
0
0
140
49
0
0
2
39
0
6
11
1
0
8
16
0
0
3
0
0
5
19
0
1
101
5
0
6
0
0
0
40
0
0
53
455
0
0
0
17
126
5
0
0
0
0
3
3
0
1
0
25
45
6
0
0
4
5
0
0
1
4
140
7
60
6
0
0
0
192
3
1064
0
19
0
215
14
0
0
90
7
1
0
0
0
1
27
26
7
14
0
0
0
0
1
3
2
0
163
0
0
0
37
0
98
0
0
4
2
27
138
0
0
20
0
13
6
3
0
67
66
0
0
0
2
1191
28
2
0
1
32
149
0
54
120
0
0
0
40
8
158
0
0
1374
0
28
2
58
15
92
2
0
15
0
0
0
0
54
0
29
1111
1
0
0
0
4
0
2
0
7
49
51
0
0
6
58
33
25
0
0
0
0
0
0
0
48
0
0
0
1
73
104
0
10
48
0
0
0
30
70
0
0
0
0
0
143
10
2
0
20
5
9
1
0
24
17
360
1
1
1
674
0
0
0
0
1127
53
300
34
0
0
0
0
54
0
2
0
0
489
35
87
93
92
0
0
0
17
15
0
0
0
0
9
5
0
0
0
48
320
15
0
134
1797
326
21
3
59
43
20
0
0
378
0
64
0
168
23
63
782
0
0
4
7
0
0
11
181
0
0
0
0
15
0
388
0
23
59
0
44
0
4
0
0
0
25
0
5
1
158
61
6
0
0
0
19
10
178
55
23
0
0
0
24
0
0
0
0
53
0
18
1
1
0
3
0
0
44
6
11
3
5
31
0
0
0
0
1
0
0
0
0
0
14
0
0
4
0
0
0
0
0
12
0
0
0
34
0
8
0
64
1
55
352
10
32
0
0
89
0
0
0
0
0
6
22
2
285
0
6
5
224
6
1
0
0
13
0
38
0
185
0
0
0
0
0
1
79
1
0
9
213
1500
0
191
12
0
1
0
17
0
3
0
1
9
0
0
0
9
0
0
72
4
0
38
33
0
0
53
0
0
0
0
128
3
87
8
51
0
0
5
0
809
45
1018
61
0
5
0
71
1
74
0
0
2
0
0
2
0
42
0
0
0
37
0
242
208
0
43
0
132
0
1
15
0
0
0
86
146001
5
51
1
0
13
0
121
283
285
0
12
0
5
0
0
0
0
0
17
0
0
0
0
5
1455
25
0
0
0
0
0
21
76
947298
37
0
506
0
0
0
753
5
7
0
0
0
0
27
9
3
0
0
40
0
121
0
1128
0
0
2
0
0
4
0
0
0
0
55
0
535
2890
4
0
15
0
0
51
32
2
7
17
0
1
0
32
137
0
28
2
0
0
350
4
155
120
0
64
0
0
0
16
9
1
2
15
78
0
13
66
76
13
0
0
84
14
47
37
1
0
0
0
0
0
0
16
0
14
172
5
33
0
18
0
24
0
335
0
12
0
3
1024
30
156
0
14
0
0
0
0
2
0
2
0
0
0
50
0
76
2
22
34
70
13
108
0
12
0
0
6
0
1
7
68
0
0
0
1
0
13
6
4
27
258
0
0
83
1
3
10
0
0
0
0
0
0
25
7
6
95
0
94
11
337
4
0
30
31
1821
21
1
0
86
24
12
7
173
28
0
0
493
0
1
32
11
3
0
42
3
0
9
378
10
0
64
0
0
78
0
140
0
9
0
0
0
168
0
0
0
7
3
4
4
7
0
0
391
96
0
0
0
92
38
0
1
0
0
0
408
0
0
0
25
7
3
20
3
0
0
7
0
0
0
5
0
0
0
0
21
0
0
0
0
11
503
67
0
144
46
10
0
21
14
0
40
0
0
3167
10
180
433
0
2
0
0
0
16
1
38
1
408
0
124
290
0
6
3
0
24
0
54
0
0
0
104
0
0
18
11
3
22
34
0
2
0
0
0
2
3
0
0
0
38
13
0
0
36
0
1
0
24
0
21
0
0
14
4
0
4
0
17
17
34
31
0
0
115
234
0
189
3
8
189
24
0
144
0
0
0
319
5
0
302
0
45
0
0
51
0
3
75
0
0
2
392
0
0
0
0
13
94
0
0
0
0
0
29
0
36
0
13
19
1
0
0
381
0
236
33
0
0
0
34
0
938
0
0
5
5
6
0
0
0
0
0
0
0
0
92
0
0
0
0
0
16
0
0
68
1
0
3
0
108
9
0
501
94
196
0
0
0
8
0
20
0
0
0
1
0
60
205
0
484
0
70
30
40
0
412
0
264
1
0
0
0
0
4
146750
0
0
18
3147
0
0
6
0
314
0
0
14
0
149
0
0
0
23
9
0
0
4
0
29
366
0
3
99
0
67
38
130
187
3
0
193
0
0
13976
0
0
50
0
68
0
0
1
212
5
282
0
0
2
95
329
88
0
1
0
0
7
108
55
15
0
0
0
10
0
1571347
0
0
0
0
0
0
0
1
0
0
101
0
51
222
6
0
15
2
9507
0
2
0
4
0
0
560
2325
13
1
152
3
110
146
182
0
0
0
0
0
109
14
27
246
22
0
96
2
3
25
0
0
43
0
14
0
0
0
0
0
1
0
0
1
15
0
0
0
4
374
0
1
0
0
0
0
0
17
8
0
94
740
0
5
2
307
36
1
0
0
0
85168
0
0
52
166
126
0
14
1262
288
42
0
30
0
7
3
3
22
0
0
7
6
0
0
30
7
53
0
0
1
0
1492
1
0
0
0
0
8
5
1
1190
0
0
0
8
13
18
0
0
0
693
0
7
143
544
0
1
115
0
0
0
0
33
45
0
0
0
4
64
100
128
16
0
734
0
0
12
121
0
10
0
0
25
213
0
14
0
0
0
0
1
0
10
516
13
14
182
0
0
0
7
0
0
0
0
0
0
0
0
2062
89
0
28
42
10
0
0
0
0
0
0
0
0
0
0
0
496
0
143
28
9
0
0
0
2
0
1
0
25
398
132
0
79
0
0
25651
6
38
101
0
4
8
2775
322
36
0
0
0
0
19
137
4
54140
46
0
24
28
134
17
35
0
0
7
1
0
0
107
1
0
1
3
72
323
198
1
11
275
0
0
0
0
2
26
0
0
52
192306
335
14
0
0
16
32
5
0
102
18
1
0
1
65
0
0
0
217
76
55
0
190
11
370
0
27
52
0
0
0
32
0
0
1
9
0
7
113
30
0
0
0
0
0
37
0
59
0
16
3
48
0
337
91
4
0
8
0
0
0
0
2
0
0
0
30
43
34
0
2
159
8
14
0
44
1
0
1
0
1
0
4380
73
15
41
2
2
0
212
0
0
131
4
3
0
0
7
0
0
0
0
165
0
3
0
830
12
0
4
0
87
401
0
0
56
0
0
3
40
0
0
78
0
0
0
0
49
37
3
0
0
0
0
0
83
0
7
59
65
0
0
1
3
0
192
4
297
0
297
0
0
62
2
0
21
8
21
0
1
0
1
0
0
1
0
6
6
39
3
0
0
374
0
0
0
0
0
11
0
0
0
44
0
0
0
18
2
44
93
17
309
5
8
0
25
0
10
0
0
1031
259
0
0
87
0
0
0
0
0
2
42
793
1
0
1113
0
0
40
619
28
35
16
996
99
0
16
2
0
1
9
0
0
0
0
7
0
0
0
0
0
0
0
45
0
3
7
53
4
0
64
93
0
0
5
0
0
18
10
0
62
6
39
1
0
8
0
0
149621
0
93
46
0
482
49
6
407
0
0
0
0
0
0
0
9
0
0
75
1
0
11
1
0
0
0
12
95
0
83
90
0
30
0
0
0
0
70
237
88
60
11
21
10
0
0
11
0
0
0
186
0
0
2
0
0
250
0
0
27
0
0
55
12
33
0
428
7
0
6
69
29
52
199
0
0
135
0
0
43
4
0
12
0
0
0
0
120
0
1
0
15
238
4
0
0
0
0
0
0
35
1
0
9
450
2
0
139
0
231
86
16
0
1048
0
0
0
3460
0
7
0
7
412
58
29
16
7
2
457
210
21
15
0
0
0
0
9
0
5
67
43
0
28
0
1
27
13
0
0
28
1
0
0
0
0
0
0
0
2
0
110
85
0
0
0
0
0
2
1
11
0
0
10
0
4
0
0
76
9
0
63
0
1
10
0
0
0
0
0
3
0
116
0
0
0
21
0
5
0
0
304
27
1
0
1
1
147
8
3
1
2
165
0
0
0
36
277
5
332
17
0
2
1
0
0
696982
0
0
0
0
2
0
0
0
210
0
0
0
0
0
0
9
0
25
0
4
104
0
0
38
0
0
0
135
41
152
0
0
0
3
0
0
0
3
0
418
13
384
0
0
0
0
0
90
0
85
0
0
1
19
1
0
7
87
0
0
0
0
0
2
0
21
1
31
0
0
86
0
0
311
0
4
255
0
305
150
0
0
0
0
118
0
555
0
1
0
0
17
139
4
0
0
0
291
58
61
0
0
1
0
249
0
0
36
221
0
4
0
1
403
44
0
0
1
56
18
13
0
0
0
57
0
5
0
4
0
0
0
2
0
9
12
0
9
0
5
2
155
0
211
0
0
0
24
0
0
0
0
0
0
2
0
0
333
243
0
235
39
1
6
0
0
218
0
6
0
13
2
5
0
13
27
0
0
0
0
0
0
0
279
5
0
9
1
0
0
17
8
0
286
0
261
97
2
18
39
9
0
0
3
0
100874
0
34
0
4
16
49
47
2
6
26
0
4
1057
0
0
0
10
63
1
0
14
0
0
7
0
0
27
4
0
168
0
154
0
20
0
184
0
0
2
0
84
5
1
95
0
0
53
134
4
59
0
2
0
47
0
49
0
0
0
0
0
0
11
0
9
0
382
82
0
0
0
0
4
24
1
50
0
9
11
0
0
0
586
0
0
6
0
0
27
4
19
19
0
1
3
0
218
0
0
115
0
4
5
0
125
105
0
1217
56
0
0
339
0
0
207
0
0
34855
0
0
43
1
0
83347
26
119
290
120
0
0
4
0
14
1
0
0
0
0
0
218
1
65
0
4
197
355
34
320
0
0
5
0
0
0
10
0
0
7
29
0
0
20
0
437
100
0
0
8
1
5
0
7
67
5
387
86
55
0
2
0
33
0
57
26
0
33
0
0
3
8
136
6
0
4
0
46
5819
0
0
0
35
80
0
0
0
0
0
1
28
23
0
0
1
0
27
0
28
0
0
0
0
0
4
29
46
7
2
0
123
228
0
0
80
228
1
4
0
29
0
694
3
0
0
2
24
0
53
0
0
1681
0
0
0
37
0
94
0
7
0
39
0
0
0
9
0
0
0
44
0
153
142
0
0
381
0
0
0
0
19
0
42
9
0
0
2
133
1
603
0
625
0
10
0
0
135
0
141
6
0
0
0
0
125
0
0
510
0
0
0
11
22
35
42
6
0
0
0
0
839
405
122
9
20
72
12
76
11
89
0
0
4
0
0
0
2
3
0
48
0
0
0
0
14
66
0
0
31
5
99
157
6
0
8
0
0
1
0
6
108
0
3
29
3
146
330
0
16
0
0
1
85
1
32
1
73
6
0
1
0
2
1
0
1
0
0
0
17
0
405214
423
10
1
0
6
4
474
57
0
14
1
0
390
0
2
0
1
0
22
0
0
3
14
116
6
1
457
0
0
0
7
8
0
22
2
75
0
0
49
19
0
0
3
0
0
64
0
0
2
61
6
19
2
0
0
263
0
0
0
52
15
0
0
3
94
0
0
0
0
30
0
88
0
0
8
0
5
0
0
0
439
4
0
1671
23
0
0
32
631
0
0
0
2
100
118
0
0
0
2
52
0
0
0
0
0
0
6
0
0
5
0
4
0
0
38
0
30
3
232
0
4
0
6
18
0
0
0
0
0
62
28
0
0
0
0
0
1
5
5
0
0
1208
0
28
5
1
132
5
6
813
0
0
0
0
0
0
376
14
0
0
6
4
0
0
813
0
1
30
808418
0
1
9
1
0
0
55
203
80
0
0
0
61
81
0
0
0
10
0
284
0
1
46
25
0
0
154
0
9
0
0
4
0
0
115
0
47
0
0
0
142
0
61
33
0
87
3
5
0
0
0
0
4
0
23
1
0
0
0
0
3
4
0
0
0
3
3
0
267
46
3
39
0
14
0
0
135
0
0
0
0
8
0
121
0
7
6
0
1
1
9
0
0
0
653
14
0
0
0
0
0
0
13
0
17
107
0
19
4
13
0
66
0
10
1
13
111
2
11
14
2
0
1
17
30
0
0
0
2
45
0
0
107
5
0
1
0
0
0
0
1
0
0
1
17
2
214
11
0
84
626
0
213
0
0
1
0
4
47
246
21
93
50
0
42
0
69
129
0
1
42
41
0
0
18
4
0
25
155
6
0
22
0
0
9
0
18
16
71
0
0
0
1
92
57559
0
35
0
0
238
163
1
583
20
0
0
0
0
1
18
86
16
16
0
0
0
0
0
0
7
0
0
6
0
0
1
0
0
13
249
1
9
4
3
3
0
5
0
4
0
0
0
2
2
0
7
5
6
11
120
0
372
0
1
0
41
0
0
7
0
0
1
0
0
0
12
0
75
8
0
0
58
0
1
57
0
0
0
9
0
0
210
29
0
8
226
0
282
0
47
0
0
0
0
6
0
0
0
0
0
0
0
0
0
125
0
0
2
0
282
72
1
63
56
218
19
4
3
94
7
49
3
0
1
0
0
5
0
0
0
0
10
0
497
53
0
0
58
0
2
0
0
13
6
0
0
0
3
0
7
0
14
274
23
0
12
1
0
0
0
0
0
6
3
1
256
0
0
0
0
46
663
9
296
74
0
0
0
1
0
8
0
87
96
0
0
3
0
6
638
97
0
33
12
40
31
12
45
0
0
20
0
0
108
0
0
0
295
39
1
356
246
4
0
141
0
32517
0
0
1162
4
0
0
7
0
0
0
0
0
105
0
157
1
0
5
0
62
0
1
125
530
0
0
0
0
42
62
0
0
0
84
0
57
14
0
3
249
0
2
0
1853
18
40
2
3
515
0
0
308
0
8
5
3
337
4
0
13
0
0
0
0
2
0
0
2
0
0
0
34
0
70
0
0
10
0
0
1
0
78
270
0
0
135
38
1
0
0
0
6
0
4
0
0
0
1
0
9
0
0
0
8
0
66
17
35
0
0
0
0
0
7
0
0
27
9
5
0
0
13
0
2
0
0
0
152
0
0
0
23
0
4
0
1
4
0
0
0
4
3
114
7
6
0
0
1
0
0
2
0
17
575
0
15
0
138
4
141
475
0
0
0
0
0
2
2
0
2
2
59
0
0
19
2
0
25
0
0
0
0
7
0
40
0
94
0
0
0
65
0
246
0
0
0
20
0
5
0
0
9
0
1
0
0
0
0
23
0
0
0
84
6
65
5
27
4
0
0
0
0
49
0
0
43
18
0
0
0
1
0
10
0
14
0
0
0
0
4
0
43
202
0
0
0
710
15
0
0
59
482
162
0
53
0
449
0
0
6
102
0
42
187
13
0
94
0
63
85
2
625
0
300
0
375
0
3
10
97
0
72
16
0
20
4
112
196
42
0
64
10
0
1632
0
0
0
0
0
0
61
26
0
0
0
346
0
0
0
0
116
1
269
49
0
93
23
0
45457
0
0
4
124
0
347
0
0
0
0
16
11
10
335
0
33
0
2386
0
0
0
11
1
2
0
0
7
57
0
0
16058
0
0
1078
782
0
0
177
2
0
100
0
0
0
15
152
53
77
106
0
2
0
0
0
0
45
1
325
11
0
0
0
89
0
132
0
131
0
52
293
6
0
60
0
83
123
7
0
0
0
22
16
64
0
14
0
29
9
0
0
563
1
13
0
27
177
2
0
5
0
0
509
286
376672
1
0
0
68
3
1
0
94
3
0
0
1
0
0
3
47
4
8
42
0
283
3
0
36
129
301
34
0
136
366
0
0
15
0
0
19
0
321
25
6
0
0
17
70
7
0
0
1
0
1
6
374
21
1
0
0
0
15
0
21
0
0
3
20
0
59
70
71
19
0
0
0
72
83
0
49
22
0
0
0
158
0
0
3
13
460
0
0
9
0
4
10
0
66
2
0
10
1
0
0
0
0
538
0
0
3
17
2693
0
464
0
0
0
243
0
17
24
0
1
435
0
18
35
0
11
0
20
45
5
0
0
0
0
0
173
102
0
0
0
0
484
0
14
0
0
31
0
277
0
0
0
0
26
0
35
0
0
0
0
0
4
0
39
0
0
0
27
0
5
10
14
1
0
0
0
4
299
0
18
3
0
0
8
1
197
22
0
73
25
27
0
330
7
201
375
0
0
3
10
8
4
5
0
498
92
1
2
5
0
0
0
3
1
0
0
0
2
77
0
0
0
0
0
0
344
0
0
0
1
33
0
0
2
8
1
67
0
19
5
0
2
96
0
0
194
20
42
11
0
4
18
1
14
4
15
5
159
0
26
0
0
0
0
15
4
9
38
0
0
21
1
6
0
0
0
473
0
0
8
38
0
0
14
5
0
151
0
0
17
207
34
5
0
81
37
0
0
0
471
0
4022
6
987
21
0
0
7
110
0
0
1
0
98
15
111
7
0
3
0
69
198
21
0
7
3
94
0
0
77
1
0
75
45
0
5
22
66
0
644
7
0
171
0
25
30
6
0
74
9
0
0
0
1121
5
1
55
26
0
0
3
0
0
0
2
10
2
23
2
0
7
324
0
3
0
0
9
1
0
333
0
0
59
0
0
24
72
0
194
3
6
0
0
0
0
0
0
1
1
13
61
0
0
0
0
0
0
0
0
64
12
81
0
12
143
0
28
0
8
236
1
16
0
0
0
20
221
2
0
0
0
0
1
128
0
37
0
0
0
33
0
371
5
1767
0
0
4
0
0
0
0
1
404
4
0
4
4691
0
0
8
4
0
7
0
0
1
689
0
137
7
312
530
0
0
1
28
0
0
21
6
0
39
0
79
0
3
0
0
0
0
87
0
0
0
0
67
1
152
45
0
5
